hours,precipitation_probability,weather_code,visibility,wind_speed_180m,wind_direction_180m,temperature_180m
1715727600.0,43.0,3.0,24140.0,15.856354,140.52757,6.7840004
1715731200.0,29.0,3.0,13600.0,13.584932,147.99466,7.0839996
1715734800.0,24.0,3.0,13260.0,11.019764,141.63248,6.7840004
1715738400.0,18.0,3.0,13180.0,10.44,136.39711,6.684
1715742000.0,13.0,3.0,13180.0,10.44,136.39711,6.484
1715745600.0,11.0,3.0,14380.0,9.931042,133.53127,6.384
1715749200.0,8.0,3.0,24140.0,9.726664,128.991,6.384
1715752800.0,6.0,3.0,24140.0,12.768586,130.426,6.484
1715756400.0,6.0,3.0,24140.0,12.984975,136.12321,6.384
1715760000.0,6.0,3.0,24140.0,11.709688,135.0001,6.5839996
1715763600.0,6.0,3.0,24140.0,10.44,136.39711,6.984
1715767200.0,4.0,3.0,24140.0,10.948973,136.33215,7.484
1715770800.0,2.0,3.0,24140.0,14.76439,135.0001,7.984
1715774400.0,0.0,3.0,24140.0,16.039202,135.90929,8.684
1715778000.0,0.0,3.0,24140.0,19.228851,141.84273,9.184
1715781600.0,0.0,3.0,24140.0,19.8,143.13002,9.784
1715785200.0,0.0,3.0,24140.0,18.218275,142.22426,9.984
1715788800.0,16.0,3.0,17240.0,17.935081,141.51978,9.884
1715792400.0,32.0,3.0,24140.0,18.075441,134.19316,9.784
1715796000.0,48.0,3.0,13040.0,17.581125,132.5104,9.984
1715799600.0,55.0,2.0,22880.0,19.35314,133.49263,9.584
1715803200.0,61.0,2.0,24140.0,13.004922,138.36655,8.884
1715806800.0,68.0,2.0,24140.0,12.7279215,135.0001,8.184
1715810400.0,45.0,3.0,24140.0,11.457958,136.27295,7.884
1715814000.0,23.0,2.0,24140.0,10.44,133.60289,7.684
1715817600.0,0.0,3.0,24140.0,8.942214,130.10085,7.884
1715821200.0,0.0,3.0,24140.0,7.8954163,133.1524,7.684
1715824800.0,0.0,2.0,24140.0,6.4096174,128.15727,7.684
1715828400.0,0.0,2.0,24140.0,6.193674,125.537766,7.2840004
1715832000.0,0.0,2.0,24140.0,5.634891,116.56499,7.184
1715835600.0,0.0,3.0,24140.0,5.6920996,108.43504,7.0839996
1715839200.0,0.0,3.0,24140.0,6.489992,109.440125,6.7840004
1715842800.0,0.0,3.0,24140.0,5.937272,104.03627,6.684
1715846400.0,0.0,3.0,24140.0,5.2416787,105.945465,6.5839996
1715850000.0,0.0,3.0,24140.0,5.0528407,94.08554,6.984
1715853600.0,22.0,3.0,24140.0,4.896529,72.89719,7.484
1715857200.0,43.0,3.0,18020.0,5.815978,68.19853,8.384
1715860800.0,65.0,3.0,7020.0,5.8603754,79.380394,8.184
1715864400.0,73.0,3.0,9620.0,7.208994,87.13766,9.384
1715868000.0,82.0,2.0,24140.0,9.885262,79.50858,10.484
1715871600.0,90.0,2.0,24140.0,12.245294,91.68465,11.284
1715875200.0,79.0,2.0,24140.0,14.154915,97.30567,11.384
1715878800.0,69.0,3.0,24140.0,13.084402,82.09293,11.284
1715882400.0,58.0,2.0,24140.0,13.276144,102.5288,11.784
1715886000.0,39.0,1.0,24140.0,9.178235,78.6901,11.184
1715889600.0,19.0,1.0,24140.0,7.6367526,81.86999,10.384
1715893200.0,0.0,1.0,24140.0,8.12197,102.80426,9.684
1715896800.0,0.0,1.0,24140.0,8.049845,100.30479,9.184
1715900400.0,0.0,1.0,24140.0,7.208994,92.86235,8.784
1715904000.0,0.0,1.0,24140.0,7.2359104,84.2895,8.884
1715907600.0,0.0,1.0,24140.0,7.42159,75.96373,8.584
1715911200.0,0.0,1.0,24140.0,8.427383,70.01681,8.784
1715914800.0,0.0,2.0,24140.0,8.225035,66.80139,7.984
1715918400.0,0.0,2.0,24140.0,8.78872,55.0079,7.884
1715922000.0,0.0,2.0,24140.0,9.585739,55.713078,7.984
1715925600.0,0.0,1.0,24140.0,8.707237,60.255207,7.384
1715929200.0,0.0,1.0,24140.0,8.534353,62.354122,7.384
1715932800.0,0.0,1.0,24140.0,7.172949,72.47434,7.484
1715936400.0,0.0,2.0,24140.0,5.8603754,47.489597,7.7840004
1715940000.0,16.0,2.0,24140.0,6.9153743,38.65983,8.484
1715943600.0,32.0,3.0,17800.0,8.714677,38.290207,9.384
1715947200.0,48.0,2.0,9800.0,10.144082,62.525658,9.984
1715950800.0,43.0,2.0,14360.0,13.905509,68.74943,11.184
1715954400.0,37.0,2.0,12180.0,12.620554,86.729576,11.484
1715958000.0,32.0,3.0,11680.0,7.42159,50.906155,10.884
1715961600.0,49.0,80.0,8600.0,5.904439,37.568665,10.284
1715965200.0,67.0,95.0,24140.0,5.3517847,42.27363,9.384
1715968800.0,84.0,95.0,8780.0,4.3349743,41.63345,10.284
1715972400.0,89.0,3.0,10860.0,6.4096174,38.157276,10.084
1715976000.0,95.0,2.0,24140.0,5.495161,58.392544,10.184
1715979600.0,100.0,2.0,24140.0,4.802999,77.00539,10.184
1715983200.0,68.0,1.0,24140.0,4.6800003,112.61991,9.884
1715986800.0,35.0,1.0,24140.0,4.072935,135.0001,9.584
1715990400.0,3.0,1.0,24140.0,3.396233,122.00535,9.384
1715994000.0,2.0,1.0,24140.0,3.096837,125.537766,9.184
1715997600.0,1.0,1.0,24140.0,2.4149535,116.56499,8.984
1716001200.0,0.0,0.0,24140.0,2.0991426,149.03632,8.984
1716004800.0,0.0,1.0,24140.0,0.35999998,270.0,8.784
1716008400.0,0.0,1.0,24140.0,2.3051248,308.65982,8.384
1716012000.0,0.0,1.0,24140.0,2.7416782,293.1986,8.084
1716015600.0,0.0,1.0,24140.0,0.71999997,270.0,8.084
1716019200.0,0.0,2.0,24140.0,1.1384199,198.43504,8.184
1716022800.0,0.0,2.0,24140.0,4.6800003,292.6199,8.084
1716026400.0,18.0,2.0,24140.0,5.634891,296.56497,8.784
1716030000.0,37.0,2.0,24140.0,5.3517847,289.6539,9.584
1716033600.0,55.0,3.0,24140.0,8.473393,282.26477,9.884
1716037200.0,69.0,2.0,12560.0,9.726665,272.12103,9.584
1716040800.0,83.0,2.0,8880.0,9.726665,272.12103,9.484
1716044400.0,97.0,2.0,24140.0,9.726665,272.12103,10.084
1716048000.0,98.0,3.0,6040.0,10.239453,280.1246,10.084
1716051600.0,99.0,3.0,23080.0,9.449572,287.74475,9.784
1716055200.0,100.0,3.0,8020.0,9.255571,283.49576,9.084
1716058800.0,95.0,3.0,11160.0,7.754637,291.80148,8.284
1716062400.0,89.0,3.0,24140.0,6.12,298.0724,7.5839996
1716066000.0,84.0,3.0,24140.0,5.1919937,303.6901,6.984
1716069600.0,56.0,3.0,24140.0,4.6938257,302.47116,6.5839996
1716073200.0,28.0,2.0,24140.0,4.0249224,296.56497,6.184
1716076800.0,0.0,0.0,24140.0,3.671294,258.6901,5.684
1716080400.0,0.0,3.0,24140.0,3.8939953,236.3099,5.7840004
1716084000.0,0.0,45.0,24140.0,4.5536795,251.56496,5.684
1716087600.0,0.0,45.0,24140.0,4.68,270.0,5.384
1716091200.0,0.0,45.0,24140.0,4.379589,279.46225,4.984
1716094800.0,0.0,45.0,24140.0,4.6800003,292.6199,4.7840004
1716098400.0,0.0,3.0,24140.0,5.2416787,285.94547,4.484
1716102000.0,0.0,3.0,24140.0,4.2136917,289.9832,4.184
1716105600.0,0.0,3.0,24140.0,4.896529,287.1028,3.9840002
1716109200.0,0.0,3.0,24140.0,5.1919937,303.6901,5.384
1716112800.0,0.0,3.0,24140.0,5.3999996,306.86996,5.884
1716116400.0,0.0,3.0,24140.0,5.6002855,315.0001,6.2840004
1716120000.0,0.0,3.0,24140.0,5.692099,325.30478,6.5839996
1716123600.0,8.0,3.0,24140.0,5.495161,328.39255,7.384
1716127200.0,15.0,3.0,24140.0,5.692099,325.30478,8.184
1716130800.0,23.0,3.0,24140.0,6.1305785,319.7637,8.684
1716134400.0,39.0,2.0,24140.0,6.989936,325.4914,8.984
1716138000.0,55.0,2.0,23980.0,8.311245,342.34976,9.184
1716141600.0,71.0,2.0,23920.0,8.707237,330.25522,8.884
1716145200.0,59.0,2.0,24140.0,9.178235,348.6901,8.684
1716148800.0,47.0,2.0,24140.0,8.647496,2.385899,8.384
1716152400.0,35.0,2.0,24140.0,8.427383,19.983198,8.184
1716156000.0,24.0,2.0,23960.0,6.8777895,47.12111,7.484
1716159600.0,14.0,2.0,24140.0,5.1544156,77.90526,6.984
1716163200.0,3.0,2.0,24140.0,4.802999,102.99462,6.5839996
1716166800.0,2.0,45.0,24140.0,5.8048253,119.74479,6.2840004
1716170400.0,1.0,45.0,24140.0,5.6002855,135.0001,6.0839996
1716174000.0,0.0,45.0,24140.0,6.1305785,139.76372,5.684
1716177600.0,0.0,2.0,24140.0,7.145796,139.08571,5.484
1716181200.0,0.0,3.0,24140.0,7.6367526,135.0001,5.2840004
1716184800.0,0.0,3.0,24140.0,6.618519,135.0001,5.184
1716188400.0,0.0,2.0,24140.0,6.3690495,137.29063,5.0839996
1716192000.0,0.0,3.0,24140.0,5.1165614,129.28938,5.484
1716195600.0,0.0,3.0,24140.0,4.1046314,142.12495,6.0839996
1716199200.0,0.0,3.0,24140.0,2.3051248,141.34016,6.884
1716202800.0,0.0,3.0,24140.0,1.8,143.13002,7.484
1716206400.0,0.0,3.0,24140.0,2.3051248,141.34016,8.384
1716210000.0,0.0,3.0,24140.0,2.3051248,128.65984,9.084
1716213600.0,0.0,3.0,24140.0,2.9024127,119.74479,9.684
1716217200.0,0.0,3.0,24140.0,4.0249224,116.56499,10.284
1716220800.0,0.0,3.0,24140.0,3.6,126.86999,10.084
1716224400.0,0.0,2.0,24140.0,3.319036,130.60121,9.984
1716228000.0,0.0,2.0,24140.0,2.1897945,170.53775,9.484
1716231600.0,0.0,2.0,24140.0,4.510787,151.38963,9.084
1716235200.0,0.0,2.0,24140.0,5.2416787,164.05453,8.384
1716238800.0,0.0,2.0,24140.0,5.771239,176.42374,7.884
1716242400.0,0.0,2.0,24140.0,6.2145634,169.99208,7.2840004
1716246000.0,0.0,3.0,24140.0,6.0347,162.64589,6.7840004
1716249600.0,0.0,2.0,24140.0,5.495161,148.39255,6.384
1716253200.0,0.0,2.0,24140.0,5.904439,142.43134,5.984
1716256800.0,0.0,2.0,24140.0,5.3517847,132.27362,5.684
1716260400.0,0.0,1.0,24140.0,6.297428,120.963684,5.384
1716264000.0,0.0,0.0,24140.0,6.792466,122.00535,5.2840004
1716267600.0,0.0,0.0,24140.0,6.696387,126.25393,5.0839996
1716271200.0,0.0,0.0,24140.0,7.2,126.86999,5.0839996
1716274800.0,0.0,0.0,24140.0,7.6367526,135.0001,4.984
1716278400.0,0.0,1.0,24140.0,6.8777895,137.12111,4.984
1716282000.0,0.0,1.0,24140.0,6.792466,147.99466,5.7840004
1716285600.0,0.0,0.0,24140.0,7.9036193,149.9315,6.684
1716289200.0,0.0,2.0,24140.0,9.504273,155.37645,7.384
1716292800.0,0.0,2.0,24140.0,11.770403,156.57129,8.284
1716296400.0,8.0,3.0,24140.0,13.32,161.07526,9.284
1716300000.0,15.0,3.0,24140.0,16.73516,161.1752,8.984
1716303600.0,23.0,3.0,24140.0,10.24578,161.56496,8.684
1716307200.0,34.0,3.0,24140.0,6.87779,173.99109,8.684
1716310800.0,44.0,3.0,24140.0,4.8433046,221.98714,8.184
1716314400.0,55.0,3.0,24140.0,4.0249224,259.69522,7.884
1716318000.0,58.0,2.0,24140.0,3.2599385,276.3401,7.684
1716321600.0,62.0,2.0,24140.0,1.484318,284.03625,7.684
1716325200.0,65.0,2.0,24140.0,0.8049845,243.43501,7.5839996
1716328800.0,58.0,3.0,24140.0,1.2979984,123.690094,7.5839996
1716332400.0,52.0,3.0,24140.0,1.4399999,180.0,6.984
1716336000.0,45.0,3.0,24140.0,2.8116899,140.19447,6.884
1716339600.0,44.0,80.0,24140.0,3.563818,135.0001,6.7840004
1716343200.0,43.0,80.0,24140.0,4.2136917,109.98319,6.5839996
1716346800.0,42.0,80.0,24140.0,3.7585104,106.699326,6.384
1716350400.0,45.0,80.0,23460.0,2.1897945,99.46225,6.184
1716354000.0,49.0,80.0,18840.0,2.3051248,51.34017,5.984
1716357600.0,52.0,80.0,15540.0,2.968636,14.036275,5.884
1716361200.0,60.0,80.0,20800.0,1.4399999,360.0,5.5839996
1716364800.0,69.0,80.0,21700.0,1.8,306.86996,5.5839996
1716368400.0,77.0,80.0,8480.0,5.8048253,330.25522,5.984
1716372000.0,85.0,80.0,7940.0,5.937272,345.9637,6.5839996
1716375600.0,92.0,80.0,7940.0,9.0645685,6.842679,7.2840004
1716379200.0,100.0,80.0,6140.0,13.450708,15.524177,6.984
1716382800.0,99.0,95.0,7760.0,13.32,360.0,6.684
1716386400.0,98.0,95.0,7200.0,17.727943,12.907409,6.5839996
1716390000.0,97.0,80.0,7400.0,15.281989,15.018415,6.2840004
1716393600.0,95.0,80.0,5160.0,18.861387,13.240531,5.984
1716397200.0,92.0,61.0,6680.0,17.654688,20.282646,5.7840004
1716400800.0,90.0,80.0,7260.0,23.540806,23.428713,5.7840004
1716404400.0,87.0,61.0,8040.0,23.688984,16.78272,5.2840004
1716408000.0,84.0,61.0,9120.0,26.33911,10.234742,4.7840004
1716411600.0,81.0,61.0,9380.0,24.64094,11.802421,4.2840004
1716415200.0,73.0,61.0,9060.0,25.49908,13.055255,3.9840002
1716418800.0,66.0,3.0,7540.0,26.476522,11.76827,3.684
1716422400.0,58.0,3.0,9340.0,25.099514,8.246243,3.4840002
1716426000.0,53.0,3.0,12240.0,25.683926,5.630594,3.284
1716429600.0,47.0,3.0,18420.0,25.651104,4.830342,2.784
1716433200.0,42.0,3.0,24140.0,25.40743,7.326311,2.4840002
1716436800.0,37.0,3.0,24140.0,24.967499,5.7927017,2.284
1716440400.0,31.0,3.0,24140.0,27.238941,7.59456,2.184
1716444000.0,26.0,3.0,24140.0,31.569351,7.205963,2.084
1716447600.0,25.0,3.0,24140.0,34.38895,10.251148,1.684
1716451200.0,24.0,3.0,18540.0,33.91269,9.16228,1.4840002
1716454800.0,23.0,3.0,24140.0,33.04361,7.5120516,1.4840002
1716458400.0,22.0,3.0,24140.0,33.617138,9.865748,1.5840001
1716462000.0,20.0,3.0,24140.0,31.983318,11.689341,1.8839998
1716465600.0,19.0,3.0,24140.0,33.27031,13.134034,2.184
1716469200.0,19.0,61.0,24140.0,32.83705,15.255177,2.284
1716472800.0,19.0,61.0,24140.0,31.52005,13.877555,2.3839998
1716476400.0,19.0,3.0,24140.0,30.472675,14.364615,2.3839998
1716480000.0,17.0,3.0,24140.0,27.345785,16.049078,2.284
1716483600.0,15.0,3.0,24140.0,26.081993,20.18589,2.184
1716487200.0,13.0,3.0,24140.0,28.079998,22.61991,2.284
1716490800.0,12.0,3.0,24140.0,28.03612,24.261286,2.184
1716494400.0,11.0,3.0,24140.0,24.315327,25.426844,2.084
1716498000.0,10.0,3.0,24140.0,21.734581,26.564985,2.084
1716501600.0,11.0,3.0,24140.0,19.966211,25.640957,2.084
1716505200.0,12.0,3.0,24140.0,18.25026,22.01134,2.184
1716508800.0,13.0,3.0,24140.0,16.267857,24.863682,2.184
1716512400.0,13.0,61.0,24140.0,15.778518,27.149609,2.284
1716516000.0,13.0,61.0,24140.0,16.1198,29.427368,2.4840002
1716519600.0,13.0,61.0,24140.0,16.485485,31.607454,2.584
1716523200.0,11.0,3.0,24140.0,16.87398,33.6901,2.684
1716526800.0,8.0,3.0,24140.0,17.373497,34.019398,2.784
1716530400.0,6.0,3.0,24140.0,17.283749,35.6765,2.8839998
1716534000.0,6.0,3.0,24140.0,16.418526,37.875053,3.084
1716537600.0,6.0,3.0,24140.0,15.03835,42.08909,3.284
1716541200.0,6.0,3.0,24140.0,13.746156,44.999897,3.584
1716544800.0,6.0,3.0,24140.0,12.496718,48.503635,4.0839996
1716548400.0,6.0,3.0,24140.0,11.808878,52.431335,4.5839996
1716552000.0,6.0,3.0,24140.0,10.495713,59.03632,4.984
1716555600.0,6.0,45.0,24140.0,9.227524,69.44388,5.184
1716559200.0,6.0,45.0,24140.0,8.647496,87.614105,5.2840004
1716562800.0,6.0,45.0,24140.0,8.825508,101.768265,5.384
1716566400.0,12.0,3.0,24140.0,10.028439,111.03758,5.484
1716570000.0,17.0,3.0,24140.0,11.592895,115.76928,5.484
1716573600.0,23.0,3.0,24140.0,12.7279215,118.7397,5.484
1716577200.0,23.0,3.0,24140.0,13.281023,122.828545,5.2840004
1716580800.0,23.0,3.0,24140.0,13.608762,127.47626,5.0839996
1716584400.0,23.0,3.0,24140.0,13.783817,130.76352,4.884
1716588000.0,16.0,61.0,24140.0,13.746156,135.0001,4.884
1716591600.0,10.0,61.0,24140.0,13.783817,139.23648,5.0839996
1716595200.0,3.0,61.0,24140.0,14.113652,142.25313,5.184
1716598800.0,5.0,3.0,24140.0,14.4,143.13002,5.184
1716602400.0,8.0,3.0,24140.0,14.904173,142.85323,5.184
1716606000.0,10.0,3.0,24140.0,15.192682,143.67308,5.184
1716609600.0,9.0,2.0,24140.0,15.277749,145.56096,5.0839996
1716613200.0,7.0,2.0,24140.0,15.379206,147.42595,4.884
1716616800.0,6.0,2.0,24140.0,15.496736,149.26459,4.7840004
1716620400.0,7.0,3.0,24140.0,16.1198,150.57263,4.684
1716624000.0,9.0,3.0,24140.0,17.238699,151.29414,4.684
1716627600.0,10.0,3.0,24140.0,18.678415,152.44728,4.684
1716631200.0,15.0,3.0,24140.0,21.09305,152.56036,4.684
1716634800.0,21.0,3.0,24140.0,24.312662,152.6762,4.7840004
1716638400.0,26.0,3.0,24140.0,27.70831,155.43285,4.884
1716642000.0,31.0,61.0,24140.0,33.014175,161.56496,5.2840004
1716645600.0,37.0,61.0,24140.0,39.04797,167.75769,5.684
1716649200.0,42.0,61.0,24140.0,42.730953,170.29968,5.984
1716652800.0,46.0,61.0,24140.0,41.4438,168.98293,5.984
1716656400.0,51.0,61.0,24140.0,37.289116,164.89037,5.7840004
1716660000.0,55.0,61.0,24140.0,34.494312,161.75406,5.684
1716663600.0,50.0,3.0,24140.0,19.13426,168.05585,4.079
1716667200.0,44.0,3.0,24140.0,16.766108,165.06853,4.079
1716670800.0,39.0,3.0,24140.0,15.379206,163.68607,4.1790004
1716674400.0,41.0,3.0,24140.0,14.241629,163.85559,4.379
1716678000.0,43.0,3.0,24140.0,13.5515,163.0091,4.579
1716681600.0,45.0,3.0,24140.0,13.450708,164.47583,4.779
1716685200.0,50.0,3.0,24140.0,13.797913,164.87595,4.879
1716688800.0,56.0,3.0,24140.0,14.05845,166.67546,4.879
1716692400.0,61.0,3.0,24140.0,14.264361,169.82455,4.779
1716696000.0,57.0,3.0,19060.0,14.05845,177.06439,4.579
1716699600.0,52.0,3.0,13960.0,13.849476,188.97255,4.279
1716703200.0,48.0,3.0,8880.0,13.896187,196.55714,4.079
1716706800.0,48.0,3.0,11040.0,13.661038,198.43504,3.9789996
1716710400.0,48.0,3.0,13200.0,13.661038,198.43504,3.8790002
1716714000.0,48.0,3.0,15360.0,14.458382,198.88618,3.8790002
1716717600.0,52.0,80.0,14740.0,16.981165,201.12479,3.9789996
1716721200.0,57.0,80.0,14120.0,20.140705,204.27443,4.1790004
1716724800.0,61.0,80.0,13500.0,22.539564,206.56499,4.279
1716728400.0,61.0,80.0,13320.0,23.188583,207.75845,4.279
1716732000.0,61.0,80.0,13140.0,22.415602,209.85892,4.279
1716735600.0,61.0,80.0,12960.0,21.178896,211.79887,4.1790004
1716739200.0,57.0,3.0,14320.0,18.581022,215.53777,4.079
1716742800.0,52.0,3.0,15700.0,15.03835,222.08908,3.8790002
1716746400.0,48.0,3.0,17060.0,12.496718,228.50363,3.6790004
1716750000.0,42.0,2.0,19120.0,11.304229,232.76509,3.3790002
1716753600.0,35.0,2.0,21200.0,10.799999,233.13002,3.079
1716757200.0,29.0,2.0,23260.0,10.514218,231.95291,2.7789998
1716760800.0,29.0,3.0,23320.0,10.464797,229.18501,2.579
