hours,precipitation_probability,weather_code,visibility,wind_speed_180m,wind_direction_180m,temperature_180m
1715814000,2.0,1.0,24140.0,12.7279215,135.0001,8.419499
1715817600,0.0,1.0,24140.0,9.726664,128.991,8.3195
1715821200,0.0,0.0,24140.0,10.009036,127.694305,8.5195
1715824800,0.0,0.0,24140.0,11.808878,127.568665,8.7195
1715828400,0.0,0.0,24140.0,9.504272,127.30403,8.8195
1715832000,0.0,0.0,24140.0,10.587918,125.311295,8.8195
1715835600,0.0,1.0,24140.0,12.096214,126.528946,8.7195
1715839200,0.0,2.0,24140.0,8.534353,117.64589,8.5195
1715842800,0.0,2.0,24140.0,10.464797,116.56499,8.919499
1715846400,0.0,3.0,24140.0,15.277749,124.43905,9.119499
1715850000,0.0,2.0,24140.0,10.464797,116.56499,8.8195
1715853600,3.0,2.0,24140.0,13.202726,115.8663,9.419499
1715857200,7.0,2.0,24140.0,17.727943,113.962494,10.119499
1715860800,10.0,1.0,24140.0,21.30093,120.46546,10.419499
1715864400,7.0,2.0,24140.0,26.795223,120.699646,10.619499
1715868000,3.0,1.0,24140.0,29.88217,121.200455,10.7195
1715871600,0.0,1.0,24140.0,26.576681,114.82932,10.8195
1715875200,0.0,1.0,24140.0,25.44566,115.11481,10.619499
1715878800,0.0,1.0,24140.0,24.696104,120.67721,10.3195
1715882400,0.0,0.0,24140.0,17.388409,117.095474,10.3195
1715886000,0.0,0.0,24140.0,15.315873,113.55228,10.0195
1715889600,0.0,0.0,24140.0,17.114204,112.24908,9.5195
1715893200,0.0,0.0,24140.0,13.708391,113.198616,9.119499
1715896800,0.0,1.0,24140.0,14.24163,110.72565,8.919499
1715900400,0.0,1.0,24140.0,16.73516,108.8248,8.8195
1715904000,0.0,0.0,24140.0,15.158522,94.08554,8.8195
1715907600,0.0,0.0,24140.0,16.215992,92.544754,8.5195
1715911200,0.0,0.0,24140.0,18.057508,94.57384,8.119499
1715914800,0.0,1.0,24140.0,16.23596,86.186005,8.5195
1715918400,0.0,1.0,24140.0,15.683776,80.75397,8.419499
1715922000,0.0,0.0,24140.0,15.745627,79.46087,8.2195
1715925600,0.0,0.0,24140.0,13.905509,68.74943,7.9195
1715929200,0.0,1.0,24140.0,14.494192,75.61857,7.8195004
1715932800,0.0,2.0,24140.0,14.689589,72.89719,7.9195
1715936400,0.0,2.0,24140.0,16.267857,65.13633,8.119499
1715940000,17.0,1.0,24140.0,18.214718,71.564964,8.3195
1715943600,35.0,2.0,24140.0,21.322214,78.31066,8.8195
1715947200,52.0,2.0,24140.0,21.542923,80.38034,9.2195
1715950800,43.0,2.0,24140.0,17.698677,94.66678,9.619499
1715954400,35.0,2.0,18960.0,14.84318,112.833694,9.8195
1715958000,26.0,2.0,24140.0,10.00256,120.256355,10.3195
1715961600,29.0,2.0,24140.0,7.42159,129.09386,10.2195
1715965200,32.0,3.0,24140.0,2.2768397,161.56496,9.919499
1715968800,35.0,3.0,24140.0,1.2979984,33.6901,8.919499
1715972400,48.0,3.0,23560.0,3.319036,77.4712,9.0195
1715976000,61.0,2.0,24140.0,3.7585104,106.699326,9.119499
1715979600,74.0,1.0,24140.0,1.8,143.13002,9.119499
1715983200,49.0,1.0,24140.0,4.3498964,155.55606,9.119499
1715986800,25.0,0.0,24140.0,7.0911775,156.0375,8.919499
1715990400,0.0,0.0,24140.0,3.671294,191.30989,9.0195
1715994000,0.0,0.0,24140.0,2.968636,194.03627,8.919499
1715997600,0.0,0.0,24140.0,1.609969,206.56499,8.8195
1716001200,0.0,0.0,24140.0,1.0182338,44.999897,8.8195
1716004800,0.0,0.0,24140.0,1.835647,78.6901,8.8195
1716008400,0.0,1.0,24140.0,1.835647,78.6901,8.3195
1716012000,0.0,2.0,24140.0,1.609969,63.435013,8.5195
1716015600,0.0,0.0,24140.0,2.8116899,129.80553,8.7195
1716019200,0.0,1.0,24140.0,5.1919937,146.3099,9.3195
1716022800,0.0,1.0,24140.0,2.2768397,161.56496,9.8195
1716026400,3.0,2.0,24140.0,1.835647,191.30989,9.7195
1716030000,7.0,3.0,24140.0,1.8,216.86998,10.419499
1716033600,10.0,3.0,24140.0,4.3349743,355.23645,10.3195
1716037200,38.0,2.0,24140.0,7.5685663,25.346138,9.419499
1716040800,66.0,3.0,23680.0,4.6938252,85.60138,9.419499
1716044400,94.0,80.0,19120.0,4.198285,59.03632,9.7195
1716048000,96.0,3.0,23500.0,2.1897945,350.53775,9.3195
1716051600,98.0,3.0,7380.0,3.319036,310.60123,9.2195
1716055200,100.0,3.0,8420.0,3.4152596,288.43503,8.919499
1716058800,100.0,3.0,7740.0,3.671294,281.3099,8.619499
1716062400,100.0,45.0,7420.0,4.8433046,311.98712,8.3195
1716066000,100.0,45.0,1640.0,4.2136917,289.9832,8.119499
1716069600,71.0,45.0,1500.0,2.9024127,262.8751,8.119499
1716073200,42.0,45.0,20280.0,3.0758414,249.44386,8.0195
1716076800,13.0,45.0,24140.0,3.2599385,263.6599,7.7195
1716080400,9.0,45.0,24140.0,4.452954,255.96373,7.7195
1716084000,4.0,45.0,24140.0,5.0911684,261.87,7.7195
1716087600,0.0,45.0,24140.0,5.771239,266.42374,7.4195
1716091200,0.0,45.0,9120.0,5.8048253,277.1249,7.2195
1716094800,0.0,45.0,7520.0,6.9527545,291.25058,7.1194997
1716098400,0.0,3.0,24140.0,5.3517847,312.27362,6.9195
1716102000,0.0,3.0,24140.0,5.0911684,315.0001,7.0195003
1716105600,0.0,45.0,24140.0,4.3349743,311.63345,6.8195004
1716109200,0.0,45.0,24140.0,5.1165614,309.28937,6.7195
1716112800,23.0,45.0,24140.0,6.193674,324.46225,6.4195
1716116400,45.0,45.0,24140.0,6.9527545,338.74942,6.4195
1716120000,68.0,45.0,24140.0,3.8773184,21.801476,7.4195
1716123600,54.0,3.0,23900.0,5.00128,30.256361,7.5195003
1716127200,40.0,3.0,23780.0,5.6920996,18.435053,7.7195
1716130800,26.0,3.0,23660.0,5.771239,3.5762644,7.4195
1716134400,40.0,3.0,19880.0,6.5693827,9.462261,7.5195003
1716138000,54.0,2.0,21760.0,7.9526596,5.19435,7.8195004
1716141600,68.0,2.0,16180.0,8.311245,17.650223,7.3195004
1716145200,47.0,2.0,16900.0,6.9527545,21.25058,7.0195003
1716148800,27.0,2.0,3600.0,5.00128,30.256361,6.9195
1716152400,6.0,2.0,2540.0,3.319036,49.398785,6.6195
1716156000,4.0,45.0,1900.0,2.5455842,44.999897,6.3195
1716159600,2.0,45.0,940.0,1.9386592,68.19853,6.0195003
1716163200,0.0,45.0,300.0,1.484318,75.96373,6.1195
1716166800,0.0,45.0,1380.0,1.484318,104.03627,5.8195
1716170400,0.0,45.0,1420.0,2.6208394,105.945465,5.7195
1716174000,0.0,45.0,120.0,1.08,90.0,5.8195
1716177600,0.0,45.0,100.0,2.0991426,120.96369,5.5195003
1716181200,0.0,45.0,320.0,4.3349743,131.63345,5.2195
1716184800,0.0,45.0,2440.0,2.5959969,146.3099,5.5195003
1716188400,0.0,2.0,1760.0,2.7416782,156.80138,5.3195
1716192000,0.0,2.0,24140.0,4.0249224,153.43501,5.9195
1716195600,0.0,1.0,24140.0,2.0991426,120.96369,7.5195003
1716199200,0.0,2.0,24140.0,2.968636,104.03627,7.5195003
1716202800,0.0,2.0,24140.0,4.198285,120.96369,8.0195
1716206400,0.0,2.0,24140.0,3.096837,125.537766,8.619499
1716210000,0.0,2.0,24140.0,3.6,126.86999,9.0195
1716213600,0.0,2.0,24140.0,5.3517847,137.72638,9.119499
1716217200,0.0,2.0,24140.0,4.8433046,138.01286,9.5195
1716220800,0.0,2.0,24140.0,6.792466,147.99466,9.419499
1716224400,0.0,2.0,24140.0,11.165805,159.22766,8.619499
1716228000,0.0,1.0,24140.0,9.227524,159.44388,8.0195
1716231600,0.0,1.0,24140.0,9.220499,141.34016,7.9195
1716235200,0.0,1.0,24140.0,6.638072,130.60121,7.4195
1716238800,0.0,0.0,24140.0,4.5820518,135.0001,6.7195
1716242400,0.0,1.0,24140.0,4.3349743,138.36655,6.6195
1716246000,0.0,45.0,24140.0,3.6,143.13002,6.5195003
1716249600,0.0,0.0,24140.0,4.0249224,153.43501,6.7195
1716253200,0.0,45.0,24140.0,5.95906,154.98314,6.7195
1716256800,0.0,0.0,24140.0,8.707237,150.2552,6.7195
1716260400,0.0,0.0,24140.0,9.360001,157.3801,6.8195004
1716264000,0.0,0.0,24140.0,10.30883,155.22488,6.9195
1716267600,0.0,0.0,24140.0,12.7279215,151.2603,6.8195004
1716271200,0.0,0.0,24140.0,10.787993,154.2901,6.7195
1716274800,0.0,0.0,24140.0,11.183201,146.82147,6.7195
1716278400,0.0,0.0,24140.0,12.387348,144.46223,7.0195003
1716282000,0.0,0.0,24140.0,11.681987,146.3099,7.4195
1716285600,0.0,0.0,24140.0,15.277749,145.56096,7.9195
1716289200,0.0,1.0,24140.0,22.473343,144.78232,8.5195
1716292800,0.0,1.0,24140.0,21.817902,142.3737,8.619499
1716296400,26.0,3.0,23460.0,24.850431,141.46979,8.7195
1716300000,51.0,3.0,14940.0,24.569836,140.94687,8.3195
1716303600,77.0,61.0,23520.0,25.02971,139.66693,7.4195
1716307200,78.0,80.0,24140.0,21.758419,141.04408,7.1194997
1716310800,80.0,80.0,18740.0,17.49615,143.3658,6.7195
1716314400,81.0,80.0,18600.0,14.982228,144.78232,6.8195004
1716318000,71.0,80.0,13000.0,13.044722,140.59937,6.5195003
1716321600,62.0,3.0,24140.0,13.104198,142.81522,6.4195
1716325200,52.0,3.0,24140.0,14.081477,147.52882,6.3195
1716328800,35.0,3.0,24140.0,13.53236,151.38963,6.2195
1716332400,17.0,3.0,24060.0,12.10157,149.62096,6.1195
1716336000,0.0,3.0,24140.0,12.594856,149.03632,6.0195003
1716339600,1.0,3.0,24140.0,9.826088,151.55717,5.8195
1716343200,2.0,45.0,24140.0,8.089993,159.14546,5.6195
1716346800,3.0,45.0,24140.0,6.439876,153.43501,5.7195
1716350400,2.0,45.0,24140.0,4.39436,124.992096,5.6195
1716354000,1.0,45.0,24140.0,3.8939953,56.3099,5.8195
1716357600,0.0,45.0,24140.0,5.6233797,50.194473,5.5195003
1716361200,20.0,3.0,24140.0,6.618519,44.999897,5.8195
1716364800,41.0,3.0,24140.0,10.739832,39.55964,6.2195
1716368400,61.0,3.0,9120.0,11.753876,40.030197,6.7195
1716372000,74.0,3.0,7740.0,13.755579,42.878906,6.7195
1716375600,87.0,3.0,6080.0,15.9134655,37.64769,6.8195004
1716379200,100.0,3.0,2860.0,16.375053,33.340725,6.6195
1716382800,100.0,3.0,1420.0,16.595179,24.34109,6.3195
1716386400,100.0,3.0,340.0,19.914217,12.528798,6.1195
1716390000,100.0,3.0,420.0,23.623243,7.883054,5.9195
1716393600,100.0,61.0,980.0,26.009842,4.763556,5.8195
1716397200,100.0,61.0,1160.0,31.353085,2.632387,5.6195
1716400800,100.0,61.0,360.0,36.04497,2.8623457,5.3195
1716404400,99.0,63.0,140.0,42.51812,2.426293,4.9195
1716408000,98.0,63.0,160.0,49.352833,357.90988,4.6195
1716411600,97.0,63.0,200.0,53.42696,355.74942,4.6195
1716415200,98.0,63.0,260.0,63.589695,355.1287,4.4195
1716418800,99.0,55.0,260.0,65.30305,356.207,4.0195003
1716422400,100.0,80.0,160.0,60.926205,356.9517,3.6195002
1716426000,99.0,80.0,140.0,56.3857,354.8719,3.3195
1716429600,98.0,80.0,200.0,56.66656,352.33328,3.0195003
1716433200,97.0,81.0,280.0,56.054897,351.5057,2.8195
1716436800,95.0,81.0,340.0,54.513554,349.72903,2.7195
1716440400,92.0,81.0,300.0,51.78622,350.79968,2.6195002
1716444000,90.0,80.0,400.0,51.19726,349.8754,2.7195
1716447600,87.0,80.0,380.0,53.09725,349.452,2.8195
1716451200,84.0,80.0,620.0,49.35677,347.7885,2.9194999
1716454800,81.0,45.0,880.0,46.817993,347.56677,2.8195
1716458400,80.0,45.0,1120.0,40.960976,347.30734,3.0195003
1716462000,78.0,45.0,500.0,34.162083,352.12616,3.3195
1716465600,77.0,80.0,440.0,29.934166,356.55267,3.7195
1716469200,76.0,3.0,440.0,38.526726,358.9292,2.878
1716472800,75.0,61.0,3800.0,38.1617,359.4595,2.878
1716476400,74.0,61.0,4020.0,39.98594,357.93622,2.778
1716480000,67.0,61.0,520.0,37.079998,360.0,2.778
1716483600,59.0,61.0,360.0,36.367126,1.1344036,2.778
1716487200,52.0,3.0,920.0,33.549606,3.691312,2.978
1716490800,46.0,61.0,9800.0,31.06239,4.653276,3.1779997
1716494400,41.0,61.0,7420.0,30.05515,6.1885247,3.278
1716498000,35.0,61.0,8200.0,28.883131,10.049289,3.478
1716501600,37.0,61.0,8300.0,26.758923,17.216166,3.778
1716505200,40.0,61.0,23340.0,25.338476,22.557291,4.078
1716508800,42.0,55.0,22800.0,22.415602,29.858927,4.278
1716512400,42.0,61.0,9560.0,23.042812,28.96756,4.1779995
1716516000,42.0,53.0,6420.0,22.180206,35.75398,4.078
1716519600,42.0,53.0,5700.0,22.065973,33.6901,4.078
1716523200,40.0,61.0,1840.0,23.188583,27.758451,3.778
1716526800,37.0,61.0,1460.0,23.090569,30.963696,3.778
1716530400,35.0,61.0,4760.0,23.469128,32.471172,3.878
1716534000,32.0,61.0,7060.0,21.252197,38.81139,4.078
1716537600,29.0,61.0,6900.0,18.59845,42.64668,4.1779995
1716541200,26.0,51.0,5880.0,17.283749,54.323517,4.3780003
1716544800,23.0,3.0,6340.0,16.454008,79.919464,4.6779995
1716548400,19.0,3.0,12260.0,14.081478,85.60138,4.8780003
1716552000,16.0,53.0,22940.0,13.797912,97.495766,4.778
1716555600,24.0,51.0,24140.0,13.37825,113.80595,4.8780003
1716559200,31.0,51.0,24140.0,13.783817,130.76352,5.078
1716562800,39.0,51.0,24140.0,15.277749,145.56096,5.1779995
1716566400,37.0,3.0,24140.0,17.727943,156.0375,5.278
1716570000,34.0,3.0,24140.0,20.833395,161.87805,5.3780003
1716573600,32.0,3.0,24140.0,22.702845,165.30264,5.3780003
1716577200,33.0,3.0,24140.0,22.35481,165.06853,5.3780003
1716580800,34.0,3.0,24140.0,20.833395,161.87805,5.4779997
1716584400,35.0,3.0,24140.0,19.592731,159.5671,5.3780003
1716588000,32.0,3.0,2060.0,19.386593,158.19853,5.1779995
1716591600,29.0,3.0,1800.0,19.855558,157.61983,4.9779997
1716595200,26.0,3.0,340.0,20.523157,158.38516,4.778
1716598800,25.0,3.0,180.0,22.427162,161.27412,4.578
1716602400,24.0,3.0,120.0,24.627787,164.74483,4.3780003
1716606000,23.0,3.0,100.0,25.849905,167.125,4.1779995
1716609600,20.0,3.0,220.0,25.346148,168.5305,4.078
1716613200,16.0,3.0,180.0,23.377836,170.24765,3.978
1716616800,13.0,3.0,160.0,22.19773,171.60716,3.978
1716620400,13.0,3.0,140.0,21.434364,172.27826,4.078
1716624000,13.0,3.0,220.0,21.485697,171.3269,4.1779995
1716627600,13.0,3.0,24140.0,22.19773,171.60716,4.3780003
1716631200,20.0,3.0,1900.0,24.693481,172.46065,4.778
1716634800,28.0,3.0,24140.0,28.66694,172.78583,5.1779995
1716638400,35.0,3.0,24140.0,32.283787,172.95433,5.6779995
1716642000,38.0,2.0,24140.0,35.9946,171.95102,6.078
1716645600,42.0,2.0,15480.0,39.4163,170.53775,6.578
1716649200,45.0,2.0,24140.0,41.514103,168.49522,6.8779993
1716652800,44.0,1.0,24140.0,41.835964,164.52861,7.078
1716656400,43.0,1.0,24140.0,40.998924,159.97382,7.1779995
1716660000,42.0,1.0,24140.0,40.044235,157.81593,7.078
1716663600,36.0,0.0,24140.0,38.141315,160.70985,6.6779995
1716667200,29.0,0.0,24140.0,35.88822,166.66074,6.1779995
1716670800,23.0,0.0,24140.0,34.569374,171.61684,5.778
1716674400,24.0,3.0,24140.0,34.07091,173.32562,5.578
1716678000,25.0,3.0,24140.0,33.71338,173.25452,5.3780003
1716681600,26.0,3.0,24140.0,33.04361,172.48795,5.278
1716685200,26.0,2.0,24140.0,32.078403,170.9606,5.1779995
1716688800,26.0,2.0,24140.0,30.85307,168.55899,5.078
1716692400,26.0,2.0,24140.0,29.44307,168.00313,5.078
1716696000,28.0,2.0,24140.0,27.757376,170.29341,5.078
1716699600,30.0,2.0,4080.0,26.009842,175.23645,4.9779997
1716703200,32.0,2.0,760.0,24.842607,179.16971,4.9779997
1716706800,29.0,3.0,8560.0,30.239998,180.0,3.3974998
1716710400,26.0,3.0,16340.0,24.482647,179.1575,3.6975
1716714000,23.0,3.0,24140.0,20.880001,180.0,3.9975002
1716717600,29.0,2.0,17700.0,22.42427,185.52745,4.3975
1716721200,36.0,2.0,11240.0,26.124195,191.9293,4.7975006
1716724800,42.0,2.0,4800.0,28.691795,197.52567,5.1975
1716728400,42.0,3.0,11240.0,28.496904,206.24129,5.5975
1716732000,42.0,3.0,17700.0,27.504093,217.01997,5.9975004
1716735600,42.0,3.0,24140.0,26.220753,225.55618,6.0975
1716739200,43.0,3.0,24140.0,23.78453,230.52757,5.8975
1716742800,44.0,3.0,24140.0,19.878391,234.58286,5.3975
1716746400,45.0,3.0,24140.0,15.990646,238.81508,4.9975004
1716750000,41.0,2.0,24140.0,12.397806,244.17906,4.6975
1716753600,36.0,2.0,24140.0,9.227524,249.44388,4.3975
1716757200,32.0,2.0,24140.0,6.28713,256.75946,4.0975
1716760800,25.0,2.0,24140.0,4.452954,255.96373,3.8974998
1716764400,17.0,2.0,24140.0,3.0758414,249.44386,3.5975
1716768000,10.0,2.0,24140.0,2.4149535,243.43501,3.3974998
1716771600,11.0,2.0,24140.0,2.52,270.0,3.0975
1716775200,12.0,2.0,24140.0,3.5455887,293.9625,2.8974998
1716778800,13.0,2.0,24140.0,4.39436,304.9921,2.5975
1716782400,14.0,3.0,20240.0,4.3349743,318.36655,2.2975
1716786000,15.0,3.0,16360.0,3.8773184,338.19852,1.9975002
1716789600,16.0,3.0,12460.0,3.7585104,343.3007,1.7974999
1716793200,20.0,80.0,12260.0,3.319036,319.39877,1.6975
1716796800,25.0,80.0,12060.0,4.452954,284.03625,1.7974999
1716800400,29.0,80.0,11860.0,6.4799995,270.0,1.8974998
1716804000,35.0,80.0,15960.0,8.64,270.0,2.0975
1716807600,42.0,80.0,20040.0,11.183201,273.6913,2.2975
1716811200,48.0,80.0,24140.0,13.722565,274.5139,2.6975
1716814800,48.0,3.0,24140.0,16.919998,270.0,3.3974998
1716818400,48.0,3.0,24140.0,20.570463,265.9859,4.2975006
1716822000,48.0,3.0,24140.0,22.782625,264.55975,4.7975006
1716825600,45.0,2.0,23500.0,23.444265,266.4786,4.5975
1716829200,42.0,2.0,22860.0,23.042812,269.10486,3.9975002
1716832800,39.0,2.0,22220.0,20.892412,271.97488,3.4975002
1716836400,34.0,2.0,22860.0,16.595179,273.73132,3.0975
1716840000,28.0,2.0,23500.0,10.8955765,277.59454,2.7975
1716843600,23.0,2.0,24140.0,5.771239,273.57626,2.4975002
1716847200,23.0,1.0,24140.0,3.563818,224.9999,2.1975
