hours,precipitation_probability,weather_code,visibility,wind_speed_180m,wind_direction_180m,temperature_180m
1715814000,2.0,1.0,24140.0,13.246826,137.20262,8.8984995
1715817600,0.0,1.0,24140.0,10.233123,129.28938,8.6985
1715821200,0.0,0.0,24140.0,10.514218,128.04709,8.7985
1715824800,0.0,0.0,24140.0,11.246759,129.80553,8.7985
1715828400,0.0,0.0,24140.0,9.793059,126.027466,9.0985
1715832000,0.0,0.0,24140.0,10.799999,126.86998,9.0985
1715835600,0.0,1.0,24140.0,12.261157,130.23628,8.9985
1715839200,0.0,2.0,24140.0,8.891343,121.75944,8.7985
1715842800,0.0,2.0,24140.0,10.495713,120.96369,9.3984995
1715846400,0.0,3.0,24140.0,13.608762,127.47626,9.5985
1715850000,0.0,2.0,24140.0,10.464797,116.56499,9.5985
1715853600,3.0,2.0,24140.0,13.363711,117.25525,10.0985
1715857200,7.0,2.0,24140.0,16.78156,112.714455,10.5985
1715860800,10.0,2.0,24140.0,22.065973,123.6901,10.6985
1715864400,7.0,2.0,24140.0,28.056913,123.4862,10.7985
1715868000,3.0,1.0,24140.0,30.566095,122.00535,10.9985
1715871600,0.0,1.0,24140.0,27.047956,116.90602,11.0985
1715875200,0.0,1.0,24140.0,27.212759,117.58195,10.8984995
1715878800,0.0,1.0,24140.0,27.362368,122.64463,10.5985
1715882400,0.0,0.0,24140.0,18.678415,117.552734,10.5985
1715886000,0.0,0.0,24140.0,16.595179,114.34108,10.3984995
1715889600,0.0,0.0,24140.0,18.204042,114.53771,9.7985
1715893200,0.0,0.0,24140.0,14.33234,115.277695,9.4985
1715896800,0.0,1.0,24140.0,15.463246,114.775116,9.2985
1715900400,0.0,1.0,24140.0,17.58481,112.89059,9.2985
1715904000,0.0,0.0,24140.0,15.328561,99.46225,9.4985
1715907600,0.0,0.0,24140.0,17.106628,98.47106,9.3984995
1715911200,0.0,0.0,24140.0,19.416653,100.68486,8.9985
1715914800,0.0,1.0,24140.0,16.215992,92.544754,9.3984995
1715918400,0.0,0.0,24140.0,16.575644,87.5105,9.2985
1715922000,0.0,0.0,24140.0,16.203999,88.727,9.0985
1715925600,0.0,0.0,24140.0,13.358861,75.96373,8.7985
1715929200,0.0,1.0,24140.0,14.917212,81.67444,8.6985
1715932800,0.0,2.0,24140.0,14.759999,77.319626,8.7985
1715936400,0.0,2.0,24140.0,15.509274,68.19853,8.7985
1715940000,17.0,2.0,24140.0,17.309973,73.07241,8.8984995
1715943600,35.0,2.0,24140.0,20.364674,81.86999,9.1985
1715947200,52.0,3.0,24140.0,21.434364,82.27827,9.5985
1715950800,43.0,2.0,24140.0,17.373497,95.94677,9.7985
1715954400,35.0,2.0,18960.0,13.854155,114.56716,10.3984995
1715958000,26.0,2.0,24140.0,9.290511,125.537766,10.6985
1715961600,29.0,2.0,24140.0,6.1094027,135.0001,10.7985
1715965200,32.0,3.0,24140.0,1.08,270.0,9.8984995
1715968800,35.0,3.0,24140.0,2.0364676,44.999897,8.9985
1715972400,48.0,3.0,23560.0,3.671294,78.6901,8.9985
1715976000,61.0,3.0,24140.0,3.671294,101.3099,9.0985
1715979600,74.0,1.0,24140.0,2.0364676,135.0001,9.0985
1715983200,49.0,1.0,24140.0,4.510787,151.38963,9.1985
1715986800,25.0,0.0,24140.0,6.9527545,158.74942,8.9985
1715990400,0.0,0.0,24140.0,3.671294,191.30989,8.8984995
1715994000,0.0,0.0,24140.0,3.0758414,200.55612,8.8984995
1715997600,0.0,0.0,24140.0,2.0991426,210.96368,8.9985
1716001200,0.0,0.0,24140.0,0.8049845,63.435013,8.6985
1716004800,0.0,0.0,24140.0,1.835647,78.6901,8.6985
1716008400,0.0,1.0,24140.0,1.484318,75.96373,8.5985
1716012000,0.0,2.0,24140.0,1.8,53.13002,8.8984995
1716015600,0.0,0.0,24140.0,2.0991426,120.96369,9.2985
1716019200,0.0,1.0,24140.0,3.0758414,159.44388,9.6985
1716022800,0.0,1.0,24140.0,1.2979984,213.6901,10.1985
1716026400,3.0,2.0,24140.0,1.8,270.0,10.1985
1716030000,7.0,3.0,24140.0,4.0249224,296.56497,10.2985
1716033600,10.0,3.0,24140.0,6.830519,341.56494,10.0985
1716037200,38.0,2.0,24140.0,8.557102,14.620926,9.1985
1716040800,66.0,3.0,23680.0,4.6102495,38.65983,9.8984995
1716044400,94.0,80.0,19120.0,5.6920996,18.435053,9.6985
1716048000,96.0,3.0,23500.0,4.896529,342.8972,9.2985
1716051600,98.0,3.0,7380.0,7.42159,320.90613,9.1985
1716055200,100.0,3.0,8420.0,4.8433046,311.98712,8.8984995
1716058800,100.0,3.0,7740.0,5.00128,300.25635,8.6985
1716062400,100.0,45.0,7420.0,6.4096174,321.8427,8.2985
1716066000,100.0,45.0,1640.0,4.6102495,308.65982,8.0985
1716069600,71.0,45.0,1500.0,3.4152596,288.43503,8.0985
1716073200,42.0,45.0,20280.0,3.671294,281.3099,8.1985
1716076800,13.0,45.0,24140.0,3.7585104,286.6993,7.8984995
1716080400,9.0,45.0,24140.0,5.0911684,278.13,7.9985
1716084000,4.0,45.0,24140.0,6.9899354,281.88864,7.7985
1716087600,0.0,45.0,24140.0,6.924738,278.97253,7.4985
1716091200,0.0,3.0,9120.0,7.8625183,285.94547,7.3984995
1716094800,0.0,2.0,7520.0,9.178235,295.5599,6.9985
1716098400,0.0,3.0,24140.0,6.8777895,312.8789,6.8984995
1716102000,0.0,45.0,24140.0,7.127636,315.0001,6.5985003
1716105600,0.0,45.0,24140.0,7.127636,315.0001,6.5985003
1716109200,0.0,45.0,24140.0,7.42159,320.90613,6.3985
1716112800,23.0,45.0,24140.0,7.5942082,328.5705,6.2985
1716116400,45.0,3.0,24140.0,7.968939,341.56494,6.2985
1716120000,68.0,3.0,24140.0,5.7599998,360.0,7.2985
1716123600,54.0,3.0,23900.0,6.87779,6.0089183,7.6984997
1716127200,40.0,3.0,23780.0,7.5599995,360.0,7.8984995
1716130800,26.0,3.0,23660.0,7.208994,357.13766,7.5985003
1716134400,40.0,3.0,19880.0,8.350138,7.4313188,7.5985003
1716138000,54.0,2.0,21760.0,9.3876505,4.398633,7.6984997
1716141600,68.0,2.0,16180.0,9.346143,15.642312,7.1984997
1716145200,47.0,2.0,16900.0,7.968939,18.435053,7.0985003
1716148800,27.0,2.0,3600.0,5.815978,21.801476,6.8984995
1716152400,6.0,2.0,2540.0,4.39436,34.9921,6.5985003
1716156000,4.0,45.0,1900.0,3.6,36.86999,6.2985
1716159600,2.0,45.0,940.0,2.8116899,50.194473,6.1984997
1716163200,0.0,2.0,300.0,1.9386592,68.19853,6.4985
1716166800,0.0,2.0,1380.0,1.835647,78.6901,6.4985
1716170400,0.0,2.0,1420.0,2.16,90.0,6.3985
1716174000,0.0,3.0,120.0,1.0182338,44.999897,6.4985
1716177600,0.0,3.0,100.0,1.609969,116.56499,6.3985
1716181200,0.0,3.0,320.0,3.563818,135.0001,6.2985
1716184800,0.0,3.0,2440.0,2.4149535,153.43501,6.3985
1716188400,0.0,2.0,1760.0,3.0758414,159.44388,5.9985
1716192000,0.0,2.0,24140.0,3.671294,168.69011,6.4985
1716195600,0.0,2.0,24140.0,1.1384199,108.43504,7.6984997
1716199200,0.0,2.0,24140.0,2.16,90.0,7.6984997
1716202800,0.0,2.0,24140.0,2.5455842,98.13002,8.3984995
1716206400,0.0,2.0,24140.0,1.609969,63.435013,8.9985
1716210000,0.0,2.0,24140.0,1.8,36.86999,9.4985
1716213600,0.0,2.0,24140.0,1.4399999,90.0,9.7985
1716217200,0.0,2.0,24140.0,1.2979984,123.690094,10.6985
1716220800,0.0,2.0,24140.0,2.9024127,150.2552,10.3984995
1716224400,0.0,2.0,24140.0,8.825508,168.23174,9.2985
1716228000,0.0,2.0,24140.0,8.427383,160.0168,8.5985
1716231600,0.0,1.0,24140.0,9.085988,146.3099,8.5985
1716235200,0.0,1.0,24140.0,7.491114,144.78232,8.0985
1716238800,0.0,1.0,24140.0,6.1305785,139.76372,7.3984995
1716242400,0.0,1.0,24140.0,6.4096174,141.84273,7.2985
1716246000,0.0,1.0,24140.0,5.991594,147.26479,7.2985
1716249600,0.0,1.0,24140.0,5.634891,153.43501,7.3984995
1716253200,0.0,0.0,24140.0,7.42159,157.1663,7.0985003
1716256800,0.0,0.0,24140.0,10.30883,155.22488,7.0985003
1716260400,0.0,0.0,24140.0,10.028439,158.96242,7.2985
1716264000,0.0,0.0,24140.0,10.966713,156.80138,7.4985
1716267600,0.0,0.0,24140.0,13.363711,152.74475,7.3984995
1716271200,0.0,0.0,24140.0,11.435313,151.8215,7.4985
1716274800,0.0,0.0,24140.0,11.681987,146.3099,7.5985003
1716278400,0.0,0.0,24140.0,11.983188,147.26479,7.8984995
1716282000,0.0,0.0,24140.0,13.479583,145.88548,8.2985
1716285600,0.0,0.0,24140.0,15.484185,144.46223,8.3984995
1716289200,0.0,0.0,24140.0,18.218275,142.22426,8.7985
1716292800,0.0,1.0,24140.0,22.725668,139.49724,9.0985
1716296400,24.0,3.0,24140.0,25.501621,138.43373,9.5985
1716300000,47.0,3.0,23820.0,26.552288,139.39879,9.2985
1716303600,71.0,3.0,24140.0,24.946726,135.0001,8.9985
1716307200,71.0,2.0,24140.0,23.740902,139.30457,8.0985
1716310800,71.0,3.0,24140.0,18.668005,140.4774,7.7985
1716314400,71.0,80.0,24140.0,14.277983,146.3099,7.2985
1716318000,63.0,3.0,24140.0,11.592894,143.84172,6.8984995
1716321600,56.0,3.0,24140.0,10.685391,147.38077,6.6984997
1716325200,48.0,3.0,24140.0,11.304229,142.76509,6.4985
1716328800,32.0,3.0,24140.0,11.384198,145.30478,6.3985
1716332400,16.0,3.0,24140.0,10.805998,150.01845,6.4985
1716336000,0.0,3.0,21500.0,10.144082,152.52565,6.3985
1716339600,0.0,3.0,21360.0,9.693296,158.19853,6.2985
1716343200,0.0,3.0,21320.0,7.172949,162.47433,5.9985
1716346800,0.0,3.0,21140.0,6.162207,173.29025,5.8985
1716350400,0.0,45.0,21060.0,4.73506,171.25392,5.8985
1716354000,0.0,3.0,21360.0,1.0182338,224.9999,5.7985
1716357600,0.0,3.0,23960.0,1.9386592,21.801476,5.6984997
1716361200,16.0,3.0,24140.0,5.4119864,356.186,6.0985
1716364800,32.0,3.0,14540.0,8.427383,19.983198,6.3985
1716368400,48.0,3.0,10960.0,9.693296,31.328646,7.0985003
1716372000,65.0,3.0,10660.0,12.682018,34.592358,7.3984995
1716375600,83.0,3.0,8560.0,15.496736,30.735416,7.1984997
1716379200,100.0,3.0,7920.0,16.09969,26.564985,6.8984995
1716382800,100.0,3.0,8300.0,16.394829,19.23077,6.5985003
1716386400,100.0,3.0,20820.0,17.811815,14.036275,6.3985
1716390000,100.0,61.0,7120.0,21.188072,9.782338,6.1984997
1716393600,99.0,61.0,10720.0,24.993439,11.633606,5.8985
1716397200,98.0,61.0,9620.0,28.036118,12.608602,5.7985
1716400800,97.0,63.0,700.0,32.058193,12.319439,5.2985
1716404400,98.0,63.0,220.0,36.871452,9.554223,4.9985
1716408000,99.0,63.0,160.0,40.192837,6.170083,4.6984997
1716411600,100.0,63.0,180.0,43.956867,2.3468304,4.2985
1716415200,99.0,63.0,260.0,47.161373,359.56265,3.7985
1716418800,98.0,63.0,220.0,51.500134,358.39777,3.3985
1716422400,97.0,61.0,140.0,51.632084,355.60138,2.8985
1716426000,96.0,55.0,120.0,54.076744,356.94717,2.7985
1716429600,95.0,55.0,140.0,50.226128,355.06592,2.6984997
1716433200,94.0,80.0,140.0,48.04348,355.2721,2.6984997
1716436800,93.0,80.0,160.0,48.015144,355.70023,2.5984998
1716440400,91.0,80.0,260.0,49.899944,354.61853,2.4984999
1716444000,90.0,80.0,280.0,47.786522,353.9459,2.4984999
1716447600,83.0,55.0,520.0,47.88135,359.5692,3.478
1716451200,75.0,55.0,540.0,42.218346,3.9115038,3.5779998
1716454800,68.0,55.0,540.0,39.32083,3.674428,3.778
1716458400,65.0,61.0,420.0,37.938602,4.8990126,3.778
1716462000,61.0,55.0,360.0,36.115017,4.5738406,3.878
1716465600,58.0,55.0,280.0,36.217144,6.277208,3.878
1716469200,53.0,61.0,200.0,35.105072,5.885893,3.978
1716472800,47.0,63.0,160.0,34.292713,4.2141085,4.1779995
1716476400,42.0,63.0,120.0,34.471764,7.1991467,4.078
1716480000,40.0,61.0,120.0,33.190357,3.7313232,3.878
1716483600,37.0,55.0,100.0,33.168877,3.1107872,3.978
1716487200,35.0,63.0,80.0,28.410364,8.746089,3.978
1716490800,35.0,55.0,80.0,28.66694,7.2141733,4.078
1716494400,35.0,55.0,100.0,27.766712,13.495748,4.278
1716498000,35.0,61.0,120.0,25.20257,21.801476,4.4779997
1716501600,34.0,55.0,160.0,24.387178,31.108742,4.3780003
1716505200,33.0,55.0,180.0,23.219301,29.744795,4.278
1716508800,32.0,61.0,260.0,21.67487,32.106224,4.1779995
1716512400,31.0,61.0,760.0,21.980644,31.607454,4.1779995
1716516000,30.0,53.0,1840.0,19.386593,31.328646,4.078
1716519600,29.0,53.0,5260.0,19.770523,33.111355,4.078
1716523200,26.0,61.0,9980.0,19.296135,36.656208,3.878
1716526800,22.0,61.0,23500.0,19.376562,35.166515,3.978
1716530400,19.0,61.0,24140.0,18.11841,40.971645,4.1779995
1716534000,21.0,61.0,24140.0,17.072504,47.563812,4.278
1716537600,24.0,61.0,24140.0,16.075521,55.954018,4.4779997
1716541200,26.0,61.0,24140.0,15.315873,66.44773,4.6779995
1716544800,26.0,53.0,24140.0,14.685176,78.6901,4.8780003
1716548400,26.0,53.0,23160.0,14.764389,91.39715,5.1779995
1716552000,26.0,53.0,24140.0,14.618837,99.926186,5.3780003
1716555600,29.0,80.0,24140.0,13.979871,101.88863,5.6779995
1716559200,32.0,80.0,24140.0,12.849528,101.3099,5.9779997
1716562800,35.0,80.0,24140.0,11.874544,104.03627,6.078
1716566400,36.0,51.0,24140.0,11.770403,113.42871,5.9779997
1716570000,38.0,51.0,24140.0,12.682018,124.592354,5.6779995
1716573600,39.0,51.0,24140.0,14.264361,132.95459,5.4779997
1716577200,35.0,3.0,24140.0,16.831684,138.46832,5.3780003
1716580800,30.0,3.0,21960.0,19.513195,142.49579,5.3780003
1716584400,26.0,3.0,21400.0,21.9718,145.0079,5.3780003
1716588000,22.0,3.0,3600.0,23.469128,147.52882,5.278
1716591600,17.0,3.0,2100.0,24.023088,150.36171,5.1779995
1716595200,13.0,3.0,2240.0,24.795612,154.17906,4.9779997
1716598800,13.0,3.0,10440.0,25.744402,159.53764,4.778
1716602400,13.0,3.0,24140.0,26.807312,165.21722,4.578
1716606000,13.0,3.0,24140.0,27.466372,169.42653,4.3780003
1716609600,11.0,3.0,24140.0,26.987997,170.78905,4.278
1716613200,8.0,3.0,24140.0,25.509243,171.06949,4.1779995
1716616800,6.0,3.0,16700.0,24.387177,171.51114,4.1779995
1716620400,5.0,3.0,1920.0,23.675303,171.25392,4.078
1716624000,4.0,3.0,340.0,22.963936,170.98076,4.078
1716627600,3.0,3.0,18400.0,23.377836,170.24765,4.078
1716631200,7.0,2.0,10640.0,25.346148,168.5305,4.278
1716634800,12.0,2.0,2580.0,28.817993,167.00539,4.4779997
1716638400,16.0,2.0,24140.0,32.744175,165.35258,4.8780003
1716642000,17.0,3.0,24140.0,37.829132,163.97964,5.3780003
1716645600,18.0,3.0,21500.0,44.068764,162.89719,5.9779997
1716649200,19.0,3.0,14820.0,48.067753,163.46509,6.4779997
1716652800,26.0,1.0,17960.0,49.596447,166.56895,6.8779993
1716656400,32.0,1.0,15300.0,50.010204,170.46994,7.278
1716660000,39.0,1.0,15900.0,48.983818,172.82285,7.3779993
1716663600,29.0,3.0,18580.0,45.160988,171.28865,6.9779997
1716667200,20.0,3.0,24140.0,39.828434,167.4712,6.278
1716670800,10.0,3.0,24140.0,36.691753,164.05453,5.6779995
1716674400,10.0,3.0,24140.0,37.483242,163.82777,5.4779997
1716678000,10.0,3.0,24140.0,40.165417,165.4655,5.3780003
1716681600,10.0,3.0,24140.0,42.175346,166.67546,5.3780003
1716685200,12.0,2.0,24140.0,35.09769,169.95804,4.2975006
1716688800,14.0,2.0,24140.0,32.43398,171.06052,3.7975
1716692400,16.0,2.0,24140.0,30.811037,173.29025,3.4975002
1716696000,16.0,3.0,24140.0,31.75355,176.09958,3.2975
1716699600,16.0,3.0,24140.0,33.857227,178.17207,3.1975
1716703200,16.0,3.0,24140.0,34.2,180.0,3.1975
1716706800,16.0,3.0,24140.0,30.239998,180.0,3.3974998
1716710400,16.0,3.0,24140.0,24.482647,179.1575,3.6975
1716714000,16.0,3.0,24140.0,20.880001,180.0,3.9975002
1716717600,18.0,2.0,24140.0,22.42427,185.52745,4.3975
1716721200,21.0,2.0,24140.0,26.124195,191.9293,4.7975006
1716724800,23.0,2.0,24140.0,28.691795,197.52567,5.1975
1716728400,36.0,3.0,24140.0,28.496904,206.24129,5.5975
1716732000,48.0,3.0,24140.0,27.504093,217.01997,5.9975004
1716735600,61.0,3.0,24140.0,26.220753,225.55618,6.0975
1716739200,64.0,3.0,24140.0,23.78453,230.52757,5.8975
1716742800,68.0,3.0,24140.0,19.878391,234.58286,5.3975
1716746400,71.0,3.0,24140.0,15.990646,238.81508,4.9975004
1716750000,62.0,2.0,24140.0,12.397806,244.17906,4.6975
1716753600,54.0,2.0,24140.0,9.227524,249.44388,4.3975
1716757200,45.0,2.0,24140.0,6.28713,256.75946,4.0975
1716760800,33.0,2.0,24140.0,4.452954,255.96373,3.8974998
1716764400,22.0,2.0,24140.0,3.0758414,249.44386,3.5975
1716768000,10.0,2.0,24140.0,2.4149535,243.43501,3.3974998
1716771600,7.0,2.0,24140.0,2.52,270.0,3.0975
1716775200,3.0,2.0,24140.0,3.5455887,293.9625,2.8974998
1716778800,0.0,2.0,24140.0,4.39436,304.9921,2.5975
1716782400,0.0,3.0,24140.0,4.3349743,318.36655,2.2975
1716786000,0.0,3.0,24140.0,3.8773184,338.19852,1.9975002
1716789600,0.0,3.0,24140.0,3.7585104,343.3007,1.7974999
1716793200,5.0,80.0,24140.0,3.319036,319.39877,1.6975
1716796800,11.0,80.0,24140.0,4.452954,284.03625,1.7974999
1716800400,16.0,80.0,24140.0,6.4799995,270.0,1.8974998
1716804000,21.0,80.0,24140.0,8.64,270.0,2.0975
1716807600,27.0,80.0,24140.0,11.183201,273.6913,2.2975
1716811200,32.0,80.0,24140.0,13.722565,274.5139,2.6975
1716814800,34.0,3.0,24140.0,16.919998,270.0,3.3974998
1716818400,37.0,3.0,24140.0,20.570463,265.9859,4.2975006
1716822000,39.0,3.0,24140.0,22.782625,264.55975,4.7975006
1716825600,41.0,2.0,23940.0,23.444265,266.4786,4.5975
1716829200,43.0,2.0,23740.0,23.042812,269.10486,3.9975002
1716832800,45.0,2.0,23540.0,20.892412,271.97488,3.4975002
1716836400,41.0,2.0,23740.0,16.595179,273.73132,3.0975
1716840000,36.0,2.0,23940.0,10.8955765,277.59454,2.7975
1716843600,32.0,2.0,24140.0,5.771239,273.57626,2.4975002
1716847200,32.0,1.0,17260.0,3.563818,224.9999,2.1975
